966511149027827723
917918117731119124
984150987621146684
916422862552830012
966498961751945226
988804556135727124
916087851777671258
966820501798396005
972226913697419274
966505214779752461
989478338802364416
921151348823711764
967126781582790657
916394382414991420
947618547545301002
966495009220206652
916087126653804574
946849704040362035
966820331199299634
919294136052514858
917597454239674419
919316055028023296
916088329756348516
978194452382384190
916422909180915742
989062966437613598
916088524741148724
966820477865693255
916407407213674506
916088220507316284
916087866629701672
916518820594733086
984938342179295292
916087766809444444
966820355433975858
978290319097479198
966495496858394654
916085786162651207
916087126653804575
966495411651084308
966820381698687127
987496921616764958
986849007005499392
916087430011035678
966820423276851271
916088370030063727
916087353678893126
978186624879976449
916408484336123945
916417901421010954
